9,7
9,6
9,1
9,4
9,2
9,3
8,11
8,17
8,9
8,13
8,4
8,10
8,1
8,15
8,2
8,3
12,2
12,1
12,3
20,2
20,1
20,3
19,2
19,1
19,3
18,1
18,3
14,1
14,3
13,1
13,3
2,2
2,1
2,3
75,247
75,246
75,245
75,244
75,243
75,242
75,241
75,240
75,239
75,238
75,237
75,236
75,235
75,234
75,233
75,232
75,231
75,230
75,229
75,228
75,227
75,226
75,225
75,224
75,223
75,222
75,221
75,220
75,219
75,218
75,217
75,216
75,215
75,214
75,213
75,212
75,211
75,210
75,209
75,208
75,207
75,206
75,205
75,204
75,203
75,202
75,201
75,200
75,199
75,198
75,197
75,196
75,195
75,194
75,193
75,192
75,191
75,190
75,189
75,188
75,187
75,186
75,185
75,184
75,183
75,182
75,181
75,180
75,179
75,178
75,177
75,176
75,175
75,174
75,173
75,172
75,171
75,170
75,169
75,168
75,167
75,166
75,165
75,164
75,163
75,162
75,161
75,160
75,159
75,158
75,157
75,156
75,155
75,154
75,153
75,152
75,151
75,150
75,149
75,148
